// original file: Z2Z4-AdditiveCodes
// Example: H2E27()
print "Example: H2E27";
ei := GetEchoInput();
SetEchoInput(true);

M := Matrix(Integers(4),
       [[2,2,2,2,2,2,2,2,2,2,2,2,2,2,2,2,2,2,2,2,2,2,2,2],
        [0,2,0,2,0,2,0,2,0,2,0,2,0,2,0,2,0,0,0,0,0,0,0,0],
        [0,2,0,2,0,2,0,2,0,2,0,2,0,2,0,2,1,1,1,1,1,1,1,1],
        [0,0,2,2,0,0,2,2,0,0,2,2,0,0,2,2,0,2,0,2,0,2,0,2],
        [0,0,0,2,0,0,0,2,0,0,0,2,0,0,0,2,0,0,0,0,0,0,0,0],
        [0,0,0,2,0,0,0,2,0,0,0,2,0,0,0,2,0,1,0,1,0,1,0,1],
        [0,0,0,0,2,2,2,2,0,0,0,0,2,2,2,2,0,0,2,2,0,0,2,2],
        [0,0,0,0,0,2,0,2,0,0,0,0,0,2,0,2,0,0,0,0,0,0,0,0],
        [0,0,0,0,0,2,0,2,0,0,0,0,0,2,0,2,0,0,1,1,0,0,1,1],
        [0,0,0,0,0,0,2,2,0,0,0,0,0,0,2,2,0,0,0,2,0,0,0,2],
        [0,0,0,0,0,0,0,2,0,0,0,0,0,0,0,2,0,0,0,1,0,0,0,1],
        [0,0,0,0,0,0,0,0,2,2,2,2,2,2,2,2,0,0,0,0,2,2,2,2],
        [0,0,0,0,0,0,0,0,0,2,0,2,0,2,0,2,0,0,0,0,0,0,0,0],
        [0,0,0,0,0,0,0,0,0,2,0,2,0,2,0,2,0,0,0,0,1,1,1,1],
        [0,0,0,0,0,0,0,0,0,0,2,2,0,0,2,2,0,0,0,0,0,2,0,2],
        [0,0,0,0,0,0,0,0,0,0,0,2,0,0,0,2,0,0,0,0,0,1,0,1],
        [0,0,0,0,0,0,0,0,0,0,0,0,2,2,2,2,0,0,0,0,0,0,2,2],
        [0,0,0,0,0,0,0,0,0,0,0,0,0,2,0,2,0,0,0,0,0,0,1,1],
        [0,0,0,0,0,0,0,0,0,0,0,0,0,0,2,2,0,0,0,0,0,0,0,2]]);
C := Z2Z4AdditiveCode(M, 16);

IsCompletelyRegular(C);
IsCompletelyRegular(C : MaximumCosetWeight := 1);

SetEchoInput(ei);
